category	e_Pdp11_1	e_Shewanella_putrefaciens_SdM1	e_Shewanella_putrefaciens_SdM2	e_Shewanella_putrefaciens_SH12_micro1	e_Shewanella_putrefaciens_SH16_micro22	e_Shewanella_putrefaciens_SH4_micro9	e_Shewanella_putrefaciens_SH6_micro12	e_Shewanella_putrefaciens_SH9_micro13
A	1	1	1	1	1	1	1	1
B	1	1	-	1	1	1	1	1
C	198	200	187	200	200	200	200	200
D	31	31	30	29	29	29	29	29
E	236	238	220	222	237	222	237	237
F	71	73	73	69	74	69	74	74
G	110	102	95	106	109	106	109	109
H	149	149	140	147	148	147	148	148
I	114	120	112	116	118	116	118	118
J	237	239	231	231	238	230	237	237
K	224	225	186	210	222	210	222	221
L	127	115	114	111	119	111	119	119
M	176	179	167	173	182	173	182	182
N	112	129	120	111	127	111	127	127
O	150	155	148	151	151	151	151	151
P	147	152	133	133	143	133	143	143
Q	47	62	49	54	55	54	55	55
R	182	182	160	172	183	172	183	183
S	85	88	77	82	85	82	85	85
T	266	267	224	269	262	272	262	262
U	52	59	55	53	63	53	63	63
V	98	87	84	85	93	85	93	93
W	17	20	21	18	20	18	20	20
X	42	19	13	7	31	7	32	32
