Island_start	Island_end	Island_Length	Tp_start	Tp_end	Tp_length
0	0	0	850951	856278	2033	
128432	144890	16458	0	0	0
0	0	0	1261471	1266798	1992
1350555	1360798	10243	0	0	0
1522675	1539963	17288	0	0	0
0	0	0	1906106	1911827	2000
1950568	1968484	17916	0	0	0
1987801	2001908	14107	0	0	0
2501325	2527562	26237	0	0	0
2674842	2703653	28811 	2693976	2700579	1969
2987651	3023065	35414	2990403	2995648	1999
3008370	3022327	13957	0	0	0
3040353	3063054	22701	3053373	3058616	2049
0	0	0	3073685	3079406	1999
3512513	3525569	13056	0	0	0
4080518	4113038	32520	0	0	0
4319152	4408145	88993	4349020	4355949	1959
