Shewanella strains	Shewanella._Pdp11	Shewanella._SH12	Shewanella._SH16	Shewanella._SH4	Shewanella._SH6	Shewanella._SH9	Shewanella._SdM1	Shewanella._SdM2
Shewanella_Pdp11:1	1.0	0.3213615546	0.7994001243000001	0.3213615546	0.7990114798	0.7987330149	0.7939611118000001	0.4676426811
Shewanella_SH12:2	0.34529365370000004	1.0	0.3434854772	0.9987951971000001	0.3435988933	0.3430981343	0.33981727700000003	0.3393795989
Shewanella_SH16:3	0.7922848960000001	0.3168333345	1.0	0.316805437	1.0038273429	1.003660954	0.8859542672	0.5134356535
Shewanella_SH4:4	0.3453180477	0.9988657590000001	0.343479497	1.0	0.34325805	0.3431776809	0.3394275561	0.33962999110000003
Shewanella_SH6:5	0.7911826845000001	0.3166509786	1.0029184266	0.3163145203	1.0	1.0073998907	0.8853732655000001	0.5131555162
Shewanella_SH9:6	0.791350446	0.3163667953	1.0033144778	0.3164177903	1.0079647863	1.0	0.8853932504	0.5132721539
Shewanella_SdM1:7	0.7791623908	0.310369852	0.8772490151000001	0.309992003	0.8774682267	0.8769962608	1.0	0.5006368185
Shewanella_SdM2:8	0.5341027977	0.3607462012	0.5916700269	0.360986855	0.5918831249000001	0.5916858715000001	0.5826459698	1.0
Shewanella_acanthi_FJAT-51860:9	0.223329207	0.3028927696	0.2166077881	0.30305195090000003	0.2166244804	0.21642127020000002	0.2153031303	0.214547382
Shewanella_aegiceratis_FJAT-53532:10	0.032254412600000004	0.0344169213	0.033684712400000004	0.0344217953	0.0336689826	0.0335978664	0.0325991379	0.0277798517
Shewanella_aestuarii_PN3F2:11	0.0447298602	0.039985754000000005	0.0440195473	0.0397728091	0.0439326816	0.0438430859	0.0442220683	0.0408206572
Shewanella_algae_150735:12	0.0417785465	0.0344830782	0.0305048077	0.0342268928	0.030390816	0.0304371621	0.0333311311	0.0281859248
Shewanella_algae_18064-CSB-B-B:13	0.0319334769	0.0382077693	0.0337057595	0.038405694500000004	0.0335589456	0.033514565	0.0364729264	0.0297297974
Shewanella_algae_2NE11:14	0.0306741674	0.0372335446	0.030640773200000002	0.0363933225	0.030587501500000003	0.0305715995	0.0316992502	0.0283194784
Shewanella_algae_A291:15	0.0310387172	0.0373558427	0.0311177667	0.0372311335	0.030991649500000003	0.030975558	0.032321613	0.0292777023
Shewanella_algae_A59:16	0.0321050653	0.037567686	0.0330551134	0.037399969400000004	0.032840486	0.0329083614	0.0347486773	0.029841721600000003
Shewanella_algae_ATCC_49138:17	0.0313232392	0.0381265607	0.0315741831	0.0373951737	0.0313092177	0.0312935466	0.0340073283	0.0291517602
Shewanella_algae_B2215466:18	0.0311934424	0.0379444175	0.031184143600000002	0.0376818256	0.0311174343	0.0311198601	0.033225244200000004	0.030344617900000002
Shewanella_algae_CECT-5071:19	0.033003205800000004	0.0364147399	0.0324271376	0.0361511739	0.032410284000000004	0.0323940396	0.0344810432	0.0300215401
Shewanella_algae_G1:20	0.0323521312	0.0355849097	0.0325661358	0.0354578573	0.0324376512	0.0324376512	0.0337198373	0.0287171224
Shewanella_algae_HIDE:21	0.0321080459	0.0363461625	0.0321460197	0.0362205259	0.0320185651	0.0320024061	0.0333028062	0.0295405738
Shewanella_algae_KC-Na-R1:22	0.0310267458	0.0359964657	0.032053094500000004	0.0358731609	0.0319434903	0.031942696	0.033285944000000005	0.029597522
Shewanella_algae_MCCC_1A11468:23	0.0325723748	0.0369702202	0.0320877553	0.0368427642	0.0319900117	0.0319736187	0.033991808000000005	0.029864243000000002
Shewanella_algae_RQs-106:24	0.0305371216	0.0373148431	0.031661164	0.0370557262	0.031535112500000004	0.0315190806	0.0329974299	0.0284074729
Shewanella_algae_TUM17378:25	0.030709217100000002	0.0365047256	0.0312918463	0.0363770766	0.0311631713	0.0311467534	0.03524096	0.0291887171
Shewanella_algae_TUM17379:26	0.031642057	0.0384890103	0.0322599895	0.0383625317	0.0321595806	0.032158765900000004	0.033529460000000004	0.029903943500000002
Shewanella_algae_TUM17382:27	0.0300865636	0.0362334281	0.032386553900000004	0.0355297219	0.0322611684	0.0322452969	0.034813120100000004	0.029494156900000002
Shewanella_algae_TUM17383:28	0.0309245629	0.0370516448	0.0311950218	0.0369254578	0.0316650228	0.03166421	0.033274364800000004	0.0285646011
Shewanella_algae_TUM17384:29	0.0313897314	0.0381521566	0.0318021194	0.0380244785	0.0316740307	0.031657609100000005	0.0341366587	0.029227208600000002
Shewanella_algae_TUM17386:30	0.0318110177	0.0384571296	0.0317513611	0.0381924416	0.0316171846	0.031643857000000004	0.0334726474	0.0300017734
Shewanella_algae_TUM4442:31	0.0330753712	0.0371914285	0.0332998039	0.0370620203	0.0331693537	0.0331526828	0.0344840664	0.0295111223
Shewanella_algae_VGH117:32	0.0330478658	0.0384924789	0.0326589051	0.037751323	0.0324713183	0.0324546068	0.0345732097	0.029532179800000002
Shewanella_alkalitolerans_FJAT-54031:33	0.0348796646	0.0356822908	0.0328893372	0.0356537913	0.0330731481	0.0330024516	0.0325126574	0.0280722545
Shewanella_amazonensis_SB2B_SB2B:34	0.029136289500000002	0.0358028137	0.0273746198	0.0357935247	0.027174440600000002	0.027174440600000002	0.0278585797	0.028658135300000002
Shewanella_avicenniae_FJAT-51800:35	0.025006414100000002	0.026573405600000002	0.0254907439	0.0265812596	0.025527871900000002	0.025527871900000002	0.0240943984	0.022911538800000002
Shewanella_baltica_11FHM2:36	0.8236340178	0.31518126290000004	0.79926394	0.31482201200000004	0.7986612427	0.7983921497	0.7859971039	0.46230271780000004
Shewanella_baltica_128:37	0.8790014327000001	0.3274194454	0.8163340458	0.32715720200000004	0.8162231438	0.8156964104000001	0.8097610093000001	0.4714741898
Shewanella_baltica_BA175_BA175:38	0.8187375137	0.3109573907	0.8089725113	0.3108835659	0.8088830926	0.8086128624000001	0.814378892	0.4600374138
Shewanella_baltica_CW2:39	0.8389963725	0.3114666508	0.8066703837	0.3114510788	0.8067706915	0.8065587509000001	0.7973288211	0.4623598245
Shewanella_baltica_NCTC10737:40	0.8375121081	0.3244615582	0.8003784588	0.3246949698	0.7999486374	0.8001388469	0.7918130323	0.46386750060000004
Shewanella_baltica_OS117_OS117:41	0.7936995181000001	0.29519313880000003	0.7764529758000001	0.2949116187	0.7766181496	0.7761762240000001	0.7866500705	0.4473975026
Shewanella_baltica_OS155_OS155:42	0.8005235036	0.29643135200000004	0.7809099625	0.2960332927	0.7808869488	0.7803342294000001	0.7861881009	0.4506205513
Shewanella_baltica_OS185_OS185:43	0.8113376214	0.3119449237	0.7895433875000001	0.3120521959	0.7892741553	0.7888949738000001	0.771947876	0.44530264340000003
Shewanella_baltica_OS195_OS195:44	0.7984944878	0.3053930379	0.7749071818000001	0.3048836203	0.7750278038	0.7745215654000001	0.7708516643000001	0.441226881
Shewanella_baltica_OS223_OS223:45	0.8058587202	0.3080470635	0.7950996735	0.30759505330000003	0.7947086828000001	0.7948109	0.7797509552	0.4539200319
Shewanella_baltica_OS678_OS678:46	0.8070779712	0.3085112921	0.7825548419	0.30838931940000003	0.7826440994	0.7822127510000001	0.7794705402000001	0.44548511
Shewanella_baltica_SF1039_1:47	0.8196850631	0.31542262200000004	0.7905916229000001	0.3151561699	0.7899645484000001	0.7901859971	0.7876376521	0.456877181
Shewanella_baltica_TMP1:48	0.78619966	0.303019007	0.7702688663	0.30268319520000003	0.7701568662	0.7697135795000001	0.7687427231	0.4336647142
Shewanella_benthica_DB21MT-2:49	0.0221779922	0.0216611673	0.0227637272	0.021523806700000002	0.0228000198	0.022753161	0.0230554461	0.021804959500000002
Shewanella_bicestrii_JAB-1:50	0.34414198900000004	0.7369560494	0.3254151515	0.7376309655000001	0.32517580630000004	0.32522121730000003	0.3205403411	0.3119103728
Shewanella_carassii_TUM17387:51	0.0347664279	0.0386168678	0.0331074522	0.0384776844	0.0328198815	0.0328019223	0.0347718156	0.0316188639
Shewanella_chilikensis_DC57:52	0.0421761864	0.0383241776	0.0315569426	0.038457771	0.031477927100000004	0.0313964677	0.0323475056	0.0292243543
Shewanella_chilikensis_ST10:53	0.0427403504	0.0380034001	0.0318010409	0.0381120428	0.0316040467	0.0316038353	0.0335651116	0.0306087185
Shewanella_cyperi_FJAT-53720:54	0.0341087085	0.0348917636	0.0341111261	0.034961631800000004	0.034640818500000004	0.0345762691	0.033049082	0.0314203565
Shewanella_cyperi_FJAT-53726:55	0.032993123400000005	0.0340813535	0.0344046069	0.0340281629	0.0341971638	0.0341778218	0.0323603978	0.0309467384
Shewanella_decolorationis_Ni1-3:56	0.3347437804	0.7506359507	0.3079178962	0.7506637398	0.307877512	0.3075656343	0.3085310558	0.3023106942
Shewanella_denitrificans_OS217_OS217:57	0.0504970846	0.038448441300000004	0.0457935118	0.038270479	0.045771294000000004	0.0456855025	0.049304363100000005	0.038174348500000004
Shewanella_dokdonensis_DSM_23626:58	0.0177716949	0.0187425225	0.015901513000000003	0.018615808600000002	0.015822771	0.0159007861	0.016888089000000002	0.0168684641
Shewanella_donghaensis_LT17:59	0.0305357076	0.025054282	0.0306553956	0.025006651	0.030664148300000003	0.0305896487	0.0302057514	0.026629970500000003
Shewanella_eurypsychrophilus_YLB-08:60	0.0207741159	0.017679258700000002	0.0207361758	0.0176975452	0.0207431827	0.020682	0.0215271084	0.018091473400000002
Shewanella_frigidimarina_NCIMB_400_NCIMB_400:61	0.04231726	0.0386968122	0.0422683461	0.0386225127	0.04208074	0.0420097427	0.0407544946	0.0390235234
Shewanella_glacialimarina_TZS-4:62	0.039410543900000004	0.032296131900000004	0.0361130739	0.0321574564	0.0359104461	0.0358803773	0.0370499189	0.0368780331
Shewanella_goraebulensis_DAU312:63	0.0299044668	0.0280058192	0.031829476100000004	0.0278830028	0.032043638400000005	0.0319974546	0.0329532155	0.0304051327
Shewanella_halifaxensis_HAW-EB4_HAW-EB4:64	0.0297251707	0.0267924668	0.0304405063	0.0266380736	0.0303943988	0.0304141045	0.0297523378	0.0268722461
Shewanella_halotolerans_FJAT-53555:65	0.0359399231	0.0334407581	0.0326704146	0.033496748	0.032680497100000004	0.0326399527	0.0325691609	0.0264645482
Shewanella_inventionis_D1489:66	0.0553199786	0.0416192362	0.0475159967	0.041354315600000004	0.047730830700000004	0.047678881400000005	0.0457588279	0.0407336149
Shewanella_japonica_KCTC_22435:67	0.028893153600000002	0.0276579448	0.0314319036	0.027562480400000002	0.0314323056	0.0314853637	0.0302479441	0.0302202092
Shewanella_khirikhana_JW44:68	0.0271444885	0.031039367800000002	0.024708408100000002	0.030975056900000002	0.0245865023	0.0245865023	0.0240129957	0.0236798408
Shewanella_khirikhana_TH2012:69	0.0278401598	0.0324260824	0.0243379142	0.032360367200000004	0.0242133465	0.0242133465	0.0240193203	0.0233405405
Shewanella_litorisediminis_SMK1-12:70	0.0321577378	0.0330414579	0.0285688194	0.033032019	0.0284045819	0.0283347338	0.028282583700000002	0.0293121354
Shewanella_livingstonensis_LMG_19866:71	0.0417039352	0.0364261173	0.0421498141	0.0362500798	0.0418793528	0.0419628259	0.0391522185	0.0373565124
Shewanella_loihica_PV-4_PV-4:72	0.0322042309	0.0352418658	0.0322555064	0.0351786406	0.0322055345	0.0321316631	0.031392732	0.0279607543
Shewanella_mangrovisoli_FJAT-51754:73	0.3519563457	0.7512064374	0.3309539486	0.7513789447	0.3306142386	0.3305055993	0.3225439506	0.32027674170000003
Shewanella_marisflavi_ECSMB14101:74	0.0388984255	0.0396998544	0.0398062204	0.0396828174	0.0397189635	0.0397353097	0.0394118373	0.0351171362
Shewanella_marisflavi_EP1:75	0.0408212332	0.0433650542	0.0378254809	0.0434242935	0.037858803	0.0377801258	0.0386888481	0.038089281100000004
Shewanella_maritima_D4-2:76	0.0321934391	0.032253422000000004	0.0313504992	0.0322095476	0.031383564	0.0313759336	0.0311283717	0.027961783
Shewanella_mesophila_FJAT-53870:77	0.0404516347	0.0433540885	0.0422388098	0.0433961832	0.0422388098	0.042237884600000004	0.0412100334	0.037851939
Shewanella_oncorhynchi_B:78	0.7990629806	0.3137135371	0.9124178137000001	0.31386659110000004	0.9130942201000001	0.9125917296	0.8915434963000001	0.5159796990000001
Shewanella_oncorhynchi_Z-P2:79	0.7985532947	0.3172534448	0.8740212751	0.3161512744	0.8756944924000001	0.8757656002	0.8776823318	0.5029895054
Shewanella_oneidensis_MR-1_MR-1:80	0.3056112194	0.7589435494	0.3150433689	0.7591123687	0.3150461859	0.3149942724	0.3114806579	0.3085821573
Shewanella_pealeana_ATCC_700345_ATCC_700345:81	0.030292501000000003	0.029051820800000003	0.030065042900000002	0.0290340416	0.030008806500000002	0.0300211747	0.028611398700000002	0.0291724103
Shewanella_piezotolerans_WP3_WP3:82	0.0264806144	0.0244639279	0.0246592406	0.0243049353	0.0245845622	0.0246596112	0.0243948088	0.0228801166
Shewanella_polaris_SM1901:83	0.042252648500000003	0.0374771675	0.038700133000000005	0.037373479	0.0385876245	0.0385452455	0.0377845761	0.0368619202
Shewanella_psychrophila_WP2:84	0.0182856251	0.0168467118	0.0177212034	0.0168608775	0.0177216756	0.017766690800000002	0.0187268057	0.0169447695
Shewanella_psychropiezotolerans_YLB-06:85	0.016478622800000002	0.0173164006	0.016711364700000002	0.0168319997	0.0166439145	0.0166761665	0.0165111849	0.0166595754
Shewanella_psychrotolerans_FJAT-53749:86	0.0378876265	0.0376214167	0.0398822542	0.0376214167	0.0398833987	0.0398811097	0.0398815675	0.0352191195
Shewanella_putrefaciens_4H:87	0.5057294999999999	0.3325171212	0.5456275889000001	0.33288927560000003	0.5456920841	0.5456474168000001	0.5359629048	0.8691923051
Shewanella_putrefaciens_ATCC_8071:88	0.5317534248	0.3570374322	0.5867677535	0.357460109	0.5869330397	0.5871224919	0.5776038283	0.9913358092000001
Shewanella_putrefaciens_CGMCC-1.6515:89	0.5411788310000001	0.43004421260000003	0.5431362568	0.4302855031	0.5441040417	0.543151556	0.5446268378	0.4938445779
Shewanella_putrefaciens_FDAARGOS_681:90	0.4992163519	0.3356400322	0.552144951	0.33571578950000003	0.5521174809	0.551873684	0.541892177	0.8757297005
Shewanella_putrefaciens_WS13:91	0.5335078892	0.3579936868	0.5867828649	0.3579736159	0.5871797211	0.5865041533	0.5772665277	0.9927845162000001
Shewanella_putrefaciens_XY07:92	0.5319240616	0.3575404156	0.5874823909	0.3575723336	0.5878537799	0.5877135686	0.5780804822	0.9913043914
Shewanella_putrefaciens_YZ-J:93	0.5316652835	0.357037135	0.5867745363	0.35757861090000004	0.5869174859	0.5870592956	0.5773512594	0.9915253890000001
Shewanella_rhizosphaerae_FJAT-53764:94	0.0342303014	0.032836244	0.0318527816	0.032796931700000004	0.0318538736	0.031779617100000004	0.0326158768	0.0282061301
Shewanella_sedimentimangrovi_FJAT-52962:95	0.0350680058	0.033625175800000004	0.0324800577	0.0335068454	0.0329908586	0.0329309862	0.032980958500000004	0.0311355221
Shewanella_sediminis_HAW-EB3_HAW-EB3:96	0.0236240851	0.0238656724	0.0225335893	0.023740076000000002	0.022490817700000002	0.0225638557	0.023719777600000002	0.023022926000000003
Shewanella_seohaensis_KCTC_23556:97	0.3402035149	0.7455386154	0.3218649093	0.7452625146	0.32170770860000003	0.3215938591	0.3159093817	0.3121736034
Shewanella_sp._ANA-3_ANA-3:98	0.329170927	0.7179824078	0.3154470331	0.7182873028	0.3160043313	0.3160399292	0.3121348199	0.2993354657
Shewanella_sp._Arc9-LZ_Arc9-LZ:99	0.040464823000000004	0.0383129327	0.044309433200000005	0.038191166000000006	0.0439927991	0.043921734600000005	0.0416723087	0.036078167700000004
Shewanella_sp._DAU305_DAU305:100	0.8412717621	0.3259304153	0.8076971701000001	0.3262451702	0.8076737288	0.807057843	0.7960863001	0.465342599
Shewanella_sp._FDAARGOS_354_FDAARGOS_354:101	0.3398810739	0.8427552578	0.3118210889	0.8427757274000001	0.3113204791	0.3112525122	0.3095930871	0.310702219
Shewanella_sp._FJAT-51649_FJAT-51649:102	0.33609480950000004	0.7286990905	0.3212485047	0.7286846083	0.3211603703	0.32110885510000003	0.3218037929	0.306826321
Shewanella_sp._FJAT-52076_FJAT-52076:103	0.0314984234	0.031733762	0.027926773000000002	0.031724524000000004	0.0277761932	0.027757948100000002	0.027616837300000002	0.025871082
Shewanella_sp._H8_H8:104	0.042951244400000005	0.038637927	0.0394235431	0.0384003271	0.0392200133	0.0392233535	0.0401009365	0.0375657213
Shewanella_sp._JNE10-2_JNE10-2:105	0.5108958505	0.33424755700000003	0.536687164	0.3342428397	0.5372828281	0.5369879979000001	0.5344934132	0.854980657
Shewanella_sp._JNE2_JNE2:106	0.5170409116	0.3337566148	0.5516145897	0.3340869879	0.5516695066	0.5514816559	0.5451690449000001	0.8812698706000001
Shewanella_sp._JNE7_JNE7:107	0.5093204338	0.3331471344	0.535823391	0.3336203365	0.5365033381000001	0.5362090582	0.533345661	0.8536123235
Shewanella_sp._KX20019_KX20019:108	0.023956051000000003	0.0222074437	0.0272964768	0.022145632800000002	0.0273281361	0.027276124500000002	0.0259590627	0.0217444275
Shewanella_sp._LC6_LC6:109	0.3321445421	0.8322636789000001	0.3090434958	0.8345203405	0.3097226352	0.3096760509	0.3076556807	0.3056214343
Shewanella_sp._LZH-2_LZH-2:110	0.3472439732	0.9412445782000001	0.3384133119	0.9408559739000001	0.3390619208	0.3386094481	0.33933379280000003	0.3327156517
Shewanella_sp._MEBiC00475_MEBiC00475:111	0.0409117268	0.0354738753	0.0384054468	0.0353653848	0.0382142665	0.0381749308	0.0381078908	0.0355358397
Shewanella_sp._MR-4_MR-4:112	0.3505342959	0.7482830945000001	0.3395634393	0.7483402521	0.339125302	0.3388936969	0.3291002015	0.3133151463
Shewanella_sp._MTB7_MTB7:113	0.0191596773	0.0187147572	0.0205695072	0.0186019959	0.020629971100000002	0.020560084200000002	0.0195018873	0.0177050885
Shewanella_sp._NFH-SH190041:114	0.0239601782	0.0295328247	0.0231487898	0.0293919152	0.0232016308	0.0231835536	0.0236257499	0.0253511961
Shewanella_sp._OMA3-2_OMA3-2:115	0.042674387	0.0369877265	0.0414869173	0.0368530978	0.0414627281	0.041403599	0.0415118395	0.0433497299
Shewanella_sp._Pdp11_Pdp11:116	1.0	0.3208603178	0.7987985597	0.3209469736	0.7989173848000001	0.7984499257000001	0.7936748057	0.4668201541
Shewanella_sp._SNU_WT4_SNU_WT1:117	0.0376777264	0.0317660964	0.038112036200000005	0.0317009253	0.0381353994	0.0380628505	0.0358497396	0.0332288793
Shewanella_sp._Scap07_Scap07:118	0.026871281400000002	0.0264246614	0.026926840900000002	0.0264094556	0.0268205956	0.026922162200000002	0.0269654401	0.024555329400000003
Shewanella_sp._W3-18-1_W3-18-1:119	0.5075242440000001	0.3284008512	0.5507053381	0.3285297703	0.5505330921	0.5503963147000001	0.537061792	0.8696859642
Shewanella_sp._WE21_WE21:120	0.7604693676000001	0.2992956182	0.8294347212000001	0.299400047	0.829132827	0.8291014983	0.8521874797000001	0.47511233690000004
Shewanella_sp._WPAGA9_WPAGA9:121	0.0298619792	0.0289970781	0.0305866649	0.028878418500000003	0.0306059625	0.0306410677	0.030441933100000002	0.0290048792
Shewanella_sp._YLB-09_YLB-09:122	0.019314794200000002	0.016184276	0.0191241264	0.016170622500000002	0.019130230300000002	0.0191149704	0.0198533866	0.017114645
Shewanella_spartinae_FJAT-53681:123	0.0337327287	0.0351648204	0.0321391588	0.0351449062	0.0321837493	0.0321179458	0.0327151558	0.0279307661
Shewanella_violacea_DSS12_DSS12:124	0.020979209800000002	0.0195521939	0.022229486200000002	0.0193613474	0.022167415700000002	0.022332869800000002	0.022281077200000002	0.0189210099
Shewanella_woodyi_ATCC_51908_ATCC_51908:125	0.0220851053	0.0205839435	0.023773954400000002	0.0205849544	0.0239124454	0.0240817683	0.023732171200000002	0.0221895632
Shewanella_xiamenensis_8M34:126	0.3363695228	0.9114105699	0.331312267	0.9116910146	0.3313793299	0.33130659090000003	0.328777963	0.3283903017
Shewanella_xiamenensis_8M38:127	0.3280313634	0.8922122849	0.3271672859	0.8926399452	0.32750432290000003	0.3274340644	0.32263571550000003	0.3194755092
Shewanella_xiamenensis_CQ-Y1:128	0.3196907504	0.8992234371000001	0.3194631924	0.8996159322	0.31878837260000004	0.31866907440000003	0.31441764580000003	0.3058377329
Shewanella_xiamenensis_FH-1:129	0.3384311493	0.9033972020000001	0.3361820815	0.9035130696	0.3354930644	0.33546020320000003	0.3325993633	0.3302760379
Shewanella_xiamenensis_HD6416:130	0.3405157445	0.8923906252	0.33432940040000003	0.8928717324000001	0.3343449133	0.3346396587	0.32720959250000003	0.325686431
Shewanella_xiamenensis_HD6452:131	0.3366088292	0.8741839144	0.3290767236	0.8739452872000001	0.3289707125	0.3292539544	0.3234298955	0.3228861284
Shewanella_xiamenensis_NUITM-VS1:132	0.3300087168	0.8363018835	0.3110281097	0.8364781825000001	0.31075580820000004	0.3107669987	0.307806236	0.3086345271
Shewanella_xiamenensis_NUITM-VS2:133	0.3274054283	0.8781029829	0.3216564938	0.8785236116	0.3217977971	0.32181810050000004	0.31882406890000003	0.3164163745
Shewanella_youngdeokensis_DAU334:134	0.0266536453	0.0224548686	0.027602157300000003	0.0225057475	0.027628862900000002	0.027628862900000002	0.0266607822	0.023828138800000002
Shewanella_yunxiaonensis_FJAT-54481:135	0.0199552168	0.019042713000000003	0.020241374200000002	0.0189913043	0.0204876636	0.0204876636	0.0196661742	0.0172929824
Shewanella_zhangzhouensis_FJAT-52072:136	0.0310947004	0.030447138800000002	0.0263758968	0.030438277200000002	0.0262852869	0.0262677852	0.0280582721	0.0246111086
uncultured_Shewanella_sp:137	0.8552705144	0.32003054740000003	0.7865207780000001	0.32040145740000003	0.7862951085000001	0.7861457684000001	0.7781151758	0.4521016543
