1261471	1261471	100.00	1196	100
1261471	1261471	100.00	1243	100
1261471	1261471	100.00	1294	100
1261471	1261471	100.00	1318	100
1261471	1261471	100.00	1396	100
1261471	1261471	100.00	1724	100
1261471	1261471	100.00	1727	100
1261471	1261471	100.00	2641	100
1261471	850951	100.00	1196	100
1261471	850951	100.00	1294	100
1906106	1906106	100.00	1196	100
1906106	1906106	100.00	1243	100
1906106	1906106	100.00	1294	100
1906106	1906106	100.00	1318	100
1906106	1906106	100.00	1396	100
1906106	1906106	100.00	1724	100
1906106	1906106	100.00	1727	100
1906106	1906106	100.00	2641	100
1906106	3073685	100.00	1196	100
1906106	3073685	100.00	1243	100
1906106	3073685	100.00	1294	100
2693976	2693976	100.00	1196	100
2693976	2693976	100.00	1243	100
2693976	2693976	100.00	1294	100
2693976	2693976	100.00	1318	100
2693976	2693976	100.00	1396	100
2693976	2693976	100.00	1724	100
2693976	2693976	100.00	1727	100
2693976	2693976	100.00	2641	100
2990403	2990403	100.00	1196	100
2990403	2990403	100.00	1243	100
2990403	2990403	100.00	1294	100
2990403	2990403	100.00	1318	100
2990403	2990403	100.00	1396	100
2990403	2990403	100.00	1724	100
2990403	2990403	100.00	1727	100
2990403	2990403	100.00	2641	100
3053373	2990403	99.75	1198	100
3053373	3053373	100.00	1196	100
3053373	3053373	100.00	1243	100
3053373	3053373	100.00	1294	100
3053373	3053373	100.00	1318	100
3053373	3053373	100.00	1396	100
3053373	3053373	100.00	1724	100
3053373	3053373	100.00	1727	100
3053373	3053373	100.00	2641	100
3073685	1906106	100.00	1196	100
3073685	1906106	100.00	1243	100
3073685	1906106	100.00	1294	100
3073685	3073685	100.00	1196	100
3073685	3073685	100.00	1243	100
3073685	3073685	100.00	1294	100
3073685	3073685	100.00	1318	100
3073685	3073685	100.00	1396	100
3073685	3073685	100.00	1724	100
3073685	3073685	100.00	1727	100
3073685	3073685	100.00	2641	100
4349020	4349020	100.00	1196	100
4349020	4349020	100.00	1243	100
4349020	4349020	100.00	1294	100
4349020	4349020	100.00	1318	100
4349020	4349020	100.00	1396	100
4349020	4349020	100.00	1724	100
4349020	4349020	100.00	1727	100
4349020	4349020	100.00	2641	100
850951	1261471	100.00	1196	100
850951	1261471	100.00	1294	100
850951	850951	100.00	1196	100
850951	850951	100.00	1243	100
850951	850951	100.00	1294	100
850951	850951	100.00	1318	100
850951	850951	100.00	1396	100
850951	850951	100.00	1724	100
850951	850951	100.00	1727	100
850951	850951	100.00	2641	100
