strains	RNA processing and modification	Chromatin Structure and dynamics	Energy production and conversion	Cell cycle control and mitosis	Amino Acid metabolis and transport	Nucleotide metabolism and transport	Carbohydrate metabolism and transport	Coenzyme metabolism	Lipid metabolism	Translation	Transcription	Replication and repair	Cell wall/membrane/envelop biogenesis	Cell motility	Post-translational modification, protein turnover, chaperone functions	Inorganic ion transport and metabolism	Secondary structures	General Functional Prediction only	Function Unknown	Signal Transduction	Intracellular trafficing and secretion	Defense mechanisms	Extracellular structures	Mobilome: prophages, transposons	Cytoskeleton
S. acan FJAT-51860	0	0	20	0	0	0	40	0	0	0	0	0	20	0	0	0	0	0	0	0	0	0	0	20	0
S. aegi FJAT-53532	0	0	0	0	0	0	0	0	0	0	0	0	0	0	0	0	0	0	0	0	0	0	0	0	0
S. aest PN3F2	0	0	0	0	0	0	0	0	0	0	0	0	25	25	0	0	0	0	0	25	0	0	0	25	0
S. alga 150735	0	0	11.1111	0	0	0	0	0	0	0	0	11.1111	22.2222	11.1111	0	0	0	0	0	0	11.1111	11.1111	0	22.2222	0
S. alga 18064-CSB-B-B	0	0	0	33.3333	0	0	0	0	0	0	0	0	33.3333	0	0	0	0	0	0	0	0	33.3333	0	0	0
S. alga 2NE11	0	0	7.69231	0	0	0	0	0	0	0	0	23.0769	7.69231	0	0	0	0	15.3846	0	0	15.3846	7.69231	0	23.0769	0
S. alga A291	0	0	0	20	0	0	0	0	0	0	0	40	40	0	0	0	0	0	0	0	0	0	0	0	0
S. alga A59	0	0	0	12.5	0	0	0	0	0	0	12.5	0	12.5	12.5	0	0	0	0	0	0	12.5	12.5	12.5	12.5	0
S. alga ATCC	0	0	33.3333	0	0	0	0	0	0	0	0	0	16.6667	0	0	0	0	0	0	0	0	0	0	50	0
S. alga B2215466	0	0	0	0	0	0	0	0	0	0	0	25	25	0	0	0	0	0	0	0	0	12.5	0	37.5	0
S. alga CECT-5071	0	0	0	9.09091	0	0	0	0	0	0	0	18.1818	27.2727	9.09091	0	0	0	0	0	0	9.09091	0	9.09091	18.1818	0
S. alga G1	0	0	0	6.25	0	0	0	0	0	0	0	18.75	12.5	12.5	0	12.5	0	6.25	0	12.5	0	6.25	0	12.5	0
S. alga HIDE	0	0	0	0	0	0	0	0	0	0	0	0	66.6667	0	0	0	0	0	0	0	0	0	0	33.3333	0
S. alga KC-Na-R1	0	0	0	0	0	0	0	0	0	0	0	9.09091	9.09091	0	0	18.1818	0	0	0	0	0	9.09091	0	54.5455	0
S. alga MCCC	0	0	0	0	0	0	0	0	0	0	0	11.1111	22.2222	0	0	0	0	0	11.1111	0	11.1111	11.1111	0	33.3333	0
S. alga RQs-106	0	0	0	10	0	0	0	0	0	10	0	50	10	0	0	0	0	0	0	0	0	0	0	20	0
S. alga TUM17378	0	0	0	14.2857	0	0	0	0	0	0	0	14.2857	28.5714	0	0	0	0	0	14.2857	0	14.2857	14.2857	0	0	0
S. alga TUM17379	0	0	0	0	0	16.6667	0	0	0	0	0	33.3333	0	0	0	0	0	0	0	0	0	33.3333	0	16.6667	0
S. alga TUM17382	0	0	0	0	0	0	0	0	0	0	0	20	20	0	0	0	0	0	0	0	0	0	0	60	0
S. alga TUM17383	0	0	11.1111	11.1111	0	0	0	0	0	0	11.1111	0	33.3333	0	0	0	0	0	0	0	0	11.1111	0	22.2222	0
S. alga TUM17384	0	0	0	0	0	0	0	0	0	100	0	0	0	0	0	0	0	0	0	0	0	0	0	0	0
S. alga TUM17386	0	0	0	20	0	0	0	0	0	0	0	0	20	0	0	0	0	0	0	0	0	0	0	60	0
S. alga TUM4442	0	0	0	20	0	0	0	0	0	0	0	0	40	0	0	0	0	0	20	0	0	0	20	0	0
S. alga VGH117	0	0	0	0	0	0	0	0	0	0	0	100	0	0	0	0	0	0	0	0	0	0	0	0	0
S. alka FJAT-54031	0	0	0	33.3333	0	0	0	0	0	0	0	0	33.3333	0	0	0	0	0	0	0	0	33.3333	0	0	0
S. amaz SB2B	0	0	0	0	0	0	0	0	0	0	0	50	50	0	0	0	0	0	0	0	0	0	0	0	0
S. avic FJAT-51800	0	0	0	0	0	0	11.1111	0	0	0	0	11.1111	0	0	0	11.1111	0	0	11.1111	0	0	22.2222	0	33.3333	0
S. balt 11FHM2	0	0	8.33333	0	0	0	16.6667	0	8.33333	0	0	8.33333	8.33333	0	0	0	0	8.33333	0	0	8.33333	0	0	33.3333	0
S. balt 128	0	0	16.6667	0	16.6667	0	0	0	0	0	0	16.6667	16.6667	0	0	0	0	0	0	0	0	0	0	33.3333	0
S. balt BA175	0	0	0	0	0	0	0	0	10	10	0	0	10	0	0	0	0	10	0	0	30	0	0	30	0
S. balt CW2	0	0	12.5	0	12.5	0	0	0	0	0	0	0	12.5	0	0	0	0	0	0	0	12.5	37.5	0	12.5	0
S. balt NCTC10737	0	0	20	0	0	0	0	0	10	10	0	10	20	0	0	0	0	0	0	0	10	0	0	20	0
S. balt OS117	0	0	11.1111	0	0	0	0	0	0	11.1111	0	11.1111	11.1111	11.1111	11.1111	0	0	0	0	0	11.1111	0	0	22.2222	0
S. balt OS155	0	0	12.5	0	0	0	0	0	0	12.5	0	25	0	12.5	12.5	0	0	0	0	0	12.5	0	0	12.5	0
S. balt OS185	0	0	0	0	0	0	10	0	0	10	0	10	10	10	0	0	0	10	0	0	10	0	0	30	0
S. balt OS195	0	0	0	0	0	0	0	0	0	11.1111	0	0	22.2222	11.1111	0	0	0	0	0	0	22.2222	0	0	33.3333	0
S. balt OS223	0	0	0	0	6.66667	0	0	0	0	0	0	26.6667	6.66667	0	0	0	0	0	0	0	6.66667	6.66667	6.66667	40	0
S. balt OS678	0	0	0	0	0	0	0	0	0	7.69231	0	15.3846	15.3846	7.69231	0	0	0	0	7.69231	0	15.3846	0	0	30.7692	0
S. balt SF1039	0	0	6.25	6.25	6.25	0	0	0	0	0	0	12.5	18.75	0	0	0	0	0	0	0	6.25	12.5	0	31.25	0
S. balt TMP1	0	0	0	7.14286	7.14286	0	0	0	0	0	0	7.14286	7.14286	0	0	0	0	0	0	0	14.2857	14.2857	14.2857	28.5714	0
S. bent DB21MT-2	0	0	0	0	0	14.2857	0	0	0	0	0	0	14.2857	0	0	0	0	0	0	0	14.2857	0	14.2857	42.8571	0
S. bice JAB-1	0	0	11.1111	0	0	0	0	0	11.1111	11.1111	0	22.2222	11.1111	0	0	0	0	0	0	0	0	0	11.1111	22.2222	0
S. cara TUM17387	0	0	0	0	0	0	0	0	0	0	0	25	25	0	0	0	0	0	0	0	0	50	0	0	0
S. chil DC57	0	0	10	0	0	0	0	0	0	5	0	5	10	0	0	0	0	0	0	0	20	10	0	40	0
S. chil ST10	0	0	0	0	0	0	0	0	0	0	0	0	22.2222	0	0	0	0	0	0	0	0	22.2222	0	55.5556	0
S. cype FJAT-53720	0	0	0	0	0	0	0	0	0	0	0	0	50	0	0	0	25	0	0	0	0	25	0	0	0
S. cype FJAT-53726	0	0	0	0	0	0	0	0	0	0	0	50	25	0	0	0	0	0	0	0	25	0	0	0	0
S. deco Ni1-3	0	0	0	0	0	0	0	0	0	0	0	18.1818	9.09091	0	0	0	0	0	9.09091	0	0	18.1818	0	45.4545	0
S. deni OS217	0	0	0	0	0	0	0	0	14.2857	0	0	0	14.2857	0	14.2857	0	14.2857	14.2857	0	0	0	0	0	28.5714	0
S. dokd DSM	0	0	0	0	0	0	0	0	0	9.09091	0	9.09091	18.1818	0	0	0	9.09091	0	0	0	0	9.09091	0	45.4545	0
S. dong LT17	0	0	0	0	0	0	0	0	0	0	0	0	0	0	0	0	0	0	0	0	0	0	0	0	0
S. eury YLB-08	0	0	40	20	0	0	0	0	0	0	0	0	0	0	0	20	0	0	0	0	0	0	0	20	0
S. frig NCIMB	0	0	0	0	16.6667	0	0	0	0	0	0	0	0	0	0	0	0	0	0	0	0	33.3333	0	50	0
S. glac TZS-4	0	0	28.5714	0	0	0	0	0	0	0	0	0	0	14.2857	0	0	0	0	0	0	14.2857	0	14.2857	28.5714	0
S. gora DAU312	0	0	0	0	0	0	0	100	0	0	0	0	0	0	0	0	0	0	0	0	0	0	0	0	0
S. hali HAW-EB4	0	0	0	16.6667	0	0	0	0	16.6667	0	0	16.6667	16.6667	0	0	0	0	0	0	0	16.6667	0	16.6667	0	0
S. halo FJAT-53555	0	0	0	0	0	0	0	0	0	0	0	0	0	0	0	0	0	0	0	0	0	0	0	0	0
S. inve D1489	0	0	11.1111	0	0	0	0	0	0	11.1111	0	11.1111	22.2222	0	0	22.2222	0	0	0	0	0	0	0	22.2222	0
S. japo KCTC	0	0	0	0	0	0	0	0	0	50	0	0	50	0	0	0	0	0	0	0	0	0	0	0	0
S. khir JW44	0	0	10	0	0	0	10	0	0	0	0	0	10	0	0	0	10	0	0	10	0	0	0	50	0
S. khir TH2012	0	0	0	0	0	0	0	0	0	0	0	0	0	0	0	0	0	0	0	0	33.3333	0	0	66.6667	0
S. lito SMK1-12	0	0	0	0	0	0	0	0	20	0	0	20	20	0	0	0	0	0	0	0	0	0	0	40	0
S. livi LMG	0	0	0	0	0	0	0	0	7.69231	7.69231	0	0	7.69231	0	0	0	0	7.69231	0	0	0	15.3846	0	53.8462	0
S. loih PV-4	0	0	20	0	0	0	0	0	0	0	0	20	20	0	0	0	0	0	0	0	0	0	0	40	0
S. mang FJAT-51754	0	0	0	0	0	0	0	0	0	0	0	0	28.5714	0	0	0	0	0	28.5714	0	14.2857	0	0	28.5714	0
S. mari ECSMB14101	0	0	25	0	0	0	0	0	0	0	0	0	25	0	0	0	0	0	0	0	0	50	0	0	0
S. mari EP1	0	0	0	0	0	0	0	0	0	0	0	0	0	0	100	0	0	0	0	0	0	0	0	0	0
S. mari D4-2	0	0	0	50	0	0	0	0	50	0	0	0	0	0	0	0	0	0	0	0	0	0	0	0	0
S. meso FJAT-53870	0	0	0	0	0	0	0	0	0	0	50	0	0	0	0	0	0	0	0	0	0	0	0	50	0
S. onco B	0	0	0	0	0	0	0	0	0	0	0	25	12.5	12.5	12.5	0	0	0	0	0	25	0	0	12.5	0
S. onco Z-P2	0	0	5.55556	0	5.55556	0	0	0	0	5.55556	16.6667	11.1111	5.55556	0	0	0	0	0	0	0	0	0	16.6667	33.3333	0
S. onei MR-1	0	0	18.75	6.25	0	0	6.25	0	0	6.25	0	6.25	6.25	6.25	0	12.5	0	0	0	6.25	0	0	0	25	0
S. sp. Pdp11	0	0	0	12.5	0	0	0	0	0	0	0	12.5	12.5	0	0	0	0	0	0	0	12.5	25	0	25	0
S. peal ATCC	0	0	11.1111	0	0	0	0	0	0	0	11.1111	22.2222	11.1111	0	0	11.1111	0	0	0	0	11.1111	0	11.1111	11.1111	0
S. piez WP3	0	0	0	0	0	0	0	0	0	0	0	33.3333	0	33.3333	0	0	0	0	0	0	0	33.3333	0	0	0
S. pola SM1901	0	0	0	0	33.3333	0	0	0	0	0	0	0	0	33.3333	0	0	0	0	0	0	0	0	0	33.3333	0
S. psyc WP2	0	0	0	0	0	0	0	0	0	0	0	0	12.5	0	0	0	0	0	0	0	25	0	12.5	50	0
S. psyc YLB-06	0	0	0	0	0	16.6667	0	0	0	0	0	0	16.6667	0	0	0	16.6667	0	0	0	16.6667	0	0	33.3333	0
S. psyc FJAT-53749	0	0	0	0	0	0	0	0	0	0	0	0	0	0	0	0	0	0	0	0	0	0	0	100	0
S. putr 4H	0	0	16.6667	0	0	0	0	0	0	0	0	33.3333	16.6667	0	0	0	0	0	0	0	0	33.3333	0	0	0
S. putr ATCC	0	0	0	0	0	0	0	0	0	0	0	50	0	0	0	0	0	0	0	0	0	0	25	25	0
S. putr CGMCC-1.6515	0	0	16.6667	0	16.6667	0	0	0	0	16.6667	0	0	0	0	16.6667	0	0	16.6667	0	0	0	0	16.6667	0	0
S. putr FDAARGOS	0	0	12.5	0	12.5	0	0	0	0	0	0	0	12.5	0	0	12.5	0	0	0	0	0	25	0	25	0
S. putr WS13	0	0	0	0	0	0	0	0	0	0	0	50	0	0	0	0	0	0	0	0	0	0	0	50	0
S. putr XY07	0	0	0	0	0	0	0	0	0	0	0	50	0	0	0	0	0	0	0	0	0	0	25	25	0
S. putr YZ-J	0	0	0	0	0	0	0	0	0	0	0	66.6667	0	0	0	0	0	0	0	0	0	0	0	33.3333	0
S. rhiz FJAT-53764	0	0	0	0	0	0	0	0	20	0	0	0	20	0	0	0	20	20	0	0	0	20	0	0	0
S. sp. SdM1	0	0	10	0	20	0	0	0	0	0	0	10	10	0	0	0	10	0	20	0	0	10	0	10	0
S. sp. SdM2	0	0	0	0	0	0	0	0	0	0	0	60	0	0	0	0	0	0	0	0	0	0	0	40	0
S. sedi FJAT-52962	0	0	0	0	0	0	0	0	0	0	0	0	14.2857	0	0	0	0	0	0	0	14.2857	28.5714	14.2857	28.5714	0
S. sedi HAW-EB3	0	0	25	12.5	0	0	0	0	0	0	0	0	25	0	0	12.5	12.5	0	0	0	0	0	0	12.5	0
S. seoh KCTC	0	0	0	0	0	0	0	0	0	0	0	100	0	0	0	0	0	0	0	0	0	0	0	0	0
S. sp. SH12	0	0	0	0	0	0	0	0	25	0	0	25	25	0	0	0	0	0	0	25	0	0	0	0	0
S. sp. SH16	0	0	8.33333	0	0	0	0	0	0	0	0	25	8.33333	8.33333	0	0	0	0	0	0	8.33333	0	0	41.6667	0
S. sp. SH4	0	0	0	0	0	0	0	0	33.3333	0	0	33.3333	33.3333	0	0	0	0	0	0	0	0	0	0	0	0
S. sp. SH6	0	0	8.33333	0	0	0	0	0	0	0	0	25	8.33333	8.33333	0	0	0	0	0	0	8.33333	0	0	41.6667	0
S. sp. SH9	0	0	10	0	0	0	0	0	0	0	0	20	10	10	0	0	0	0	0	0	10	0	0	40	0
S. sp. ANA-3	0	0	8.33333	0	0	0	0	0	0	0	0	25	8.33333	0	0	0	0	0	0	0	25	16.6667	0	16.6667	0
S. sp. Arc9-LZ	0	0	0	0	0	0	0	0	0	0	0	0	0	0	0	0	0	0	50	0	0	0	0	50	0
S. sp.r FJAT-53681	0	0	0	0	0	0	0	0	40	0	0	0	20	0	0	0	20	0	0	0	0	20	0	0	0
S. sp. DAU305	0	0	7.69231	0	7.69231	0	0	0	0	0	0	30.7692	15.3846	7.69231	0	0	0	0	7.69231	0	15.3846	0	0	7.69231	0
S. sp. FDAARGOS	0	0	16.6667	8.33333	0	0	0	0	0	8.33333	8.33333	0	0	0	0	16.6667	0	0	0	0	0	8.33333	8.33333	25	0
S. sp. FJAT-51649	0	0	0	0	0	0	0	0	0	0	0	16.6667	33.3333	0	0	0	0	0	16.6667	0	0	0	0	33.3333	0
S. sp. FJAT-52076	0	0	0	0	0	0	0	0	14.2857	0	0	0	28.5714	14.2857	0	0	0	0	0	0	14.2857	14.2857	14.2857	0	0
S. sp. H8	0	0	0	0	0	0	0	0	14.2857	14.2857	0	14.2857	0	14.2857	0	0	14.2857	0	0	0	0	0	0	28.5714	0
S. sp. JNE10-2	0	0	14.2857	0	0	0	0	0	0	7.14286	0	14.2857	0	0	0	0	0	0	0	0	0	28.5714	7.14286	28.5714	0
S. sp. JNE2	0	0	16.6667	0	0	0	0	0	0	0	0	8.33333	8.33333	25	0	0	0	0	0	0	16.6667	0	0	25	0
S. sp. JNE7	0	0	12.5	0	0	0	0	0	0	0	0	18.75	0	0	0	0	0	0	0	0	0	31.25	0	37.5	0
S. sp. KX20019	0	0	10	0	0	0	0	0	0	0	0	10	20	0	0	10	0	0	0	0	10	0	10	30	0
S. sp. LC6	0	0	0	5	0	0	0	0	15	5	0	10	10	0	0	5	15	5	0	0	0	0	0	30	0
S. sp. LZH-2	0	0	0	0	0	0	0	0	0	0	0	0	50	0	0	0	0	0	0	0	0	0	0	50	0
S. sp. MEBiC00475	0	0	0	0	25	0	0	0	0	25	0	0	0	0	0	0	0	0	0	0	0	0	0	50	0
S. sp. MR-4	0	0	0	0	0	12.5	0	0	0	0	0	37.5	0	12.5	0	0	0	0	0	0	12.5	0	12.5	12.5	0
S. sp. MTB7	0	0	0	0	0	0	0	0	0	0	0	33.3333	0	11.1111	0	0	0	0	0	0	11.1111	0	11.1111	33.3333	0
S. sp. NFH-SH190041	0	0	0	0	0	14.2857	0	0	0	0	0	0	28.5714	0	0	0	0	0	0	0	14.2857	14.2857	0	28.5714	0
S. sp. OMA3-2	0	0	0	0	0	0	0	0	0	0	0	0	25	0	0	0	25	0	0	0	0	25	0	25	0
S. sp. Scap07	0	0	50	0	0	0	0	0	0	0	0	0	0	0	50	0	0	0	0	0	0	0	0	0	0
S. sp. SNU	0	0	0	14.2857	0	0	0	0	0	0	0	14.2857	14.2857	0	0	0	0	0	14.2857	0	0	14.2857	0	28.5714	0
S. sp. W3-18-1	0	0	16.6667	0	0	0	11.1111	5.55556	0	0	0	11.1111	0	5.55556	5.55556	5.55556	5.55556	0	0	0	0	5.55556	0	27.7778	0
S. sp. WE21	0	0	10	0	0	0	0	0	0	0	0	15	0	5	0	0	5	10	0	5	0	10	10	30	0
S. sp. WPAGA9	0	0	16.6667	0	0	0	0	0	0	0	0	16.6667	0	0	0	16.6667	0	0	0	0	16.6667	16.6667	0	16.6667	0
S. sp. YLB-09	0	0	40	20	0	0	0	0	0	0	0	0	0	0	0	20	0	0	0	0	0	0	0	20	0
S. viol DSS12	0	0	0	0	0	0	0	0	0	0	0	0	50	0	0	0	50	0	0	0	0	0	0	0	0
S. wood ATCC	0	0	0	33.3333	0	0	0	0	33.3333	0	0	0	33.3333	0	0	0	0	0	0	0	0	0	0	0	0
S. xiam 8M34	0	0	14.2857	0	0	0	0	0	0	0	0	14.2857	14.2857	0	14.2857	0	0	0	0	0	0	14.2857	0	28.5714	0
S. xiam 8M38	0	0	0	0	0	0	0	0	0	0	16.6667	16.6667	16.6667	0	0	0	0	0	0	16.6667	0	0	0	33.3333	0
S. xiam CQ-Y1	0	0	0	0	0	0	0	20	0	0	0	0	20	0	0	0	0	0	0	0	0	40	0	20	0
S. xiam FH-1	0	0	33.3333	0	0	0	0	33.3333	0	0	0	0	33.3333	0	0	0	0	0	0	0	0	0	0	0	0
S. xiam HD6416	0	0	22.2222	0	0	0	0	0	0	0	0	33.3333	11.1111	0	11.1111	0	0	0	0	0	0	0	0	22.2222	0
S. xiam HD6452	0	0	0	0	0	11.1111	0	0	0	22.2222	11.1111	11.1111	0	0	0	22.2222	0	0	0	0	0	11.1111	0	11.1111	0
S. xiam NUITM-VS1	0	0	0	0	0	0	12.5	0	0	0	12.5	0	0	0	0	25	0	12.5	0	0	0	37.5	0	0	0
S. xiam NUITM-VS2	0	0	5.88235	0	0	0	0	0	0	0	0	17.6471	5.88235	0	0	11.7647	0	0	0	0	11.7647	17.6471	0	29.4118	0
S. youn DAU334	0	0	0	0	50	0	0	0	0	0	0	0	0	0	50	0	0	0	0	0	0	0	0	0	0
S. yunx FJAT-54481	0	0	0	0	0	0	0	0	9.09091	9.09091	0	9.09091	18.1818	0	0	9.09091	0	0	0	0	9.09091	9.09091	9.09091	18.1818	0
S. zhan FJAT-52072	0	0	0	0	0	0	0	0	9.09091	0	0	9.09091	9.09091	18.1818	0	0	0	0	0	18.1818	0	0	0	36.3636	0
S. sp. uncultured	0	0	0	0	7.14286	0	0	0	7.14286	7.14286	0	21.4286	7.14286	0	0	0	7.14286	0	0	0	14.2857	7.14286	0	21.4286	0
