strains	RNA processing and modification	Chromatin Structure and dynamics	Energy production and conversion	Cell cycle control and mitosis	Amino Acid metabolis and transport	Nucleotide metabolism and transport	Carbohydrate metabolism and transport	Coenzyme metabolism	Lipid metabolism	Translation	Transcription	Replication and repair	Cell wall/membrane/envelop biogenesis	Cell motility	Post-translational modification, protein turnover, chaperone functions	Inorganic ion transport and metabolism	Secondary structures	General Functional Prediction only	Function Unknown	Signal Transduction	Intracellular trafficing and secretion	Defense mechanisms	Extracellular structures	Mobilome: prophages, transposons	Cytoskeleton
S. acan FJAT-51860	0.0290023	0.0290023	5.0174	0.841067	5.88747	1.88515	3.33527	4.23434	3.19026	6.38051	4.49536	3.27726	4.55336	2.40719	4.35035	3.33527	1.36311	4.64037	2.03016	5.91647	1.33411	1.76914	0.464037	0.319026	0
S. aegi FJAT-53532	0.0258465	0.0258465	5.01422	0.775394	6.17731	1.80925	2.5588	3.72189	3.61851	6.02223	5.24683	2.71388	4.52313	2.32618	4.10959	3.02404	1.57663	4.26467	2.01602	6.43577	1.36986	2.06772	0.542776	0	0
S. aest PN3F2	0.0285551	0.0285551	4.99714	0.770988	5.39692	1.88464	2.99829	4.11194	3.28384	6.39634	4.4546	3.0554	4.51171	2.62707	3.76927	3.08395	1.62764	4.56882	1.74186	6.13935	1.45631	2.02741	0.599657	0.742433	0
S. alga 150735	0.0450045	0.0225023	4.70297	0.675068	5.24302	1.68767	2.20522	3.28533	2.90279	5.49055	5.26553	2.70027	4.09541	2.43024	3.73537	3.44284	1.21512	4.16292	1.84518	5.82808	1.57516	2.27273	0.450045	0.720072	0
S. alga 18064-CSB-B-B	0.0477555	0.0238777	4.79943	0.668577	5.42025	1.76695	2.22063	3.46227	2.98472	5.77841	5.08596	2.50716	4.34575	2.53104	3.74881	3.62942	1.12225	4.01146	1.95798	5.6829	1.62369	2.22063	0.453677	0.692455	0
S. alga 2NE11	0.0454442	0.0227221	4.86253	0.681663	5.36242	1.68144	2.22677	3.27198	2.93115	5.49875	5.36242	2.63576	4.06726	2.52215	3.7037	3.63554	1.18155	4.27176	2.02227	5.8623	1.56783	2.20404	0.545331	0.499886	0
S. alga A291	0.0231857	0.0231857	4.869	0.672386	5.37909	1.73893	2.24901	3.36193	2.94459	5.61094	5.23997	2.57361	4.24299	2.48087	3.80246	3.66334	1.20566	4.12706	2.01716	5.8428	1.57663	2.20264	0.463714	0.741943	0
S. alga A59	0.0474834	0.0237417	4.93827	0.664767	5.55556	1.75689	2.30294	3.4188	3.01519	5.72175	5.2944	2.42165	4.22602	2.58784	3.77493	3.72745	1.21083	4.1548	1.94682	6.05413	1.63818	2.25546	0.498575	0.403609	0
S. alga ATCC	0.0230787	0.0230787	4.70805	0.669282	5.33118	1.70782	2.1694	3.34641	2.88484	5.58505	4.89268	2.4925	4.01569	2.44634	3.66951	3.53104	1.13086	3.85414	1.96169	5.53889	1.63859	2.054	0.392338	1.17701	0
S. alga B2215466	0.0230256	0.0230256	4.67419	0.667741	5.36496	1.72692	2.27953	3.31568	2.92425	5.57219	5.1347	2.67096	4.1446	2.50979	3.77619	3.63804	1.1743	4.0525	2.02625	5.82547	1.61179	2.1644	0.460511	0.713792	0
S. alga CECT-5071	0.0463177	0.0231589	4.81704	0.694766	5.3497	1.71376	2.24641	3.33488	2.98749	5.65076	5.2339	2.59379	4.09912	2.50116	3.7749	3.6591	1.20426	4.14544	1.89903	5.88235	1.64428	2.20009	0.486336	0.833719	0
S. alga G1	0.0465224	0.0232612	4.83833	0.674575	5.35008	1.74459	2.20982	3.44266	2.97744	5.62922	5.21051	2.62852	4.16376	2.55873	3.76832	3.7218	1.20958	4.1405	1.95394	5.86183	1.62829	2.14003	0.465224	1.02349	0
S. alga HIDE	0.0459664	0.0229832	4.75753	0.666513	5.30912	1.70076	2.25236	3.35555	2.96484	5.53896	5.19421	2.48219	4.114	2.52815	3.7003	3.60837	1.17214	4.09101	1.93059	5.8837	1.56286	2.11446	0.482648	0.78143	0
S. alga KC-Na-R1	0.0225124	0.0225124	4.75011	0.652859	5.20036	1.71094	2.25124	3.28681	2.88158	5.49302	5.17785	2.43134	4.16479	2.49887	3.62449	3.71454	1.12562	3.93967	1.95858	5.85322	1.50833	2.27375	0.495272	0.832958	0
S. alga MCCC	0.047081	0.0235405	4.91996	0.682674	5.43785	1.76554	2.30697	3.38983	3.01318	5.6968	5.32015	2.47175	4.14313	2.51883	3.86064	3.69586	1.29473	4.16667	1.9774	5.9322	1.62429	2.16573	0.400188	0.541431	0
S. alga RQs-106	0.0458716	0.0229358	4.74771	0.665138	5.34404	1.72018	2.24771	3.34862	2.93578	5.57339	5.25229	2.61468	4.17431	2.47706	3.73853	3.60092	1.19266	4.12844	1.90367	5.87156	1.58257	2.31651	0.458716	0.619266	0
S. alga TUM17378	0.0471254	0.0235627	4.85391	0.730443	5.46654	1.74364	2.26202	3.39303	2.99246	5.67861	5.25448	2.49764	4.28841	2.49764	3.77003	3.62865	1.2017	4.17059	2.04995	5.93779	1.62582	2.30914	0.400566	0.589067	0
S. alga TUM17379	0.0462428	0.0231214	4.87861	0.67052	5.31792	1.68786	2.33526	3.32948	2.95954	5.66474	5.20231	2.49711	4.25434	2.49711	3.74566	3.63006	1.22543	4.04624	1.96532	5.87283	1.59538	2.3815	0.416185	0.901734	0
S. alga TUM17382	0.0449843	0.0224921	4.76833	0.652272	5.21817	1.66442	2.22672	3.28385	2.87899	5.48808	5.26316	2.42915	4.16104	2.49663	3.68871	3.64372	1.21457	4.02609	1.91183	5.87045	1.55196	2.18174	0.494827	0.764732	0
S. alga TUM17383	0.04649	0.023245	4.88145	0.674105	5.34635	1.74338	2.25477	3.39377	2.97536	5.64854	5.25337	2.53371	4.30033	2.51046	3.85867	3.64947	1.23199	4.13761	1.95258	5.90423	1.58066	2.48722	0.4649	0.860065	0
S. alga TUM17384	0.0467946	0.0233973	4.81984	0.678521	5.45157	1.7314	2.26954	3.39261	2.99485	5.70894	5.33458	2.40992	4.25831	2.5971	3.69677	3.69677	1.19326	4.07113	1.96537	5.91951	1.61441	2.12915	0.467946	0.935891	0
S. alga TUM17386	0.0463822	0.0231911	4.87013	0.672542	5.38033	1.73933	2.24954	3.3859	2.99165	5.58905	5.33395	2.41187	4.19759	2.50464	3.71058	3.66419	1.27551	4.19759	1.94805	5.86735	1.62338	2.17996	0.463822	0.858071	0
S. alga TUM4442	0.0476304	0.0238152	4.90593	0.666825	5.47749	1.78614	2.28626	3.38176	3.04834	5.76328	5.26316	2.54823	4.2391	2.52441	3.88188	3.73899	1.19076	4.16766	2.00048	6.00143	1.61943	2.14337	0.428673	0.261967	0
S. alga VGH117	0.0230256	0.0230256	4.72024	0.667741	5.27285	1.72692	2.14138	3.33871	2.87819	5.64126	4.81234	2.53281	3.98342	2.44071	3.61501	3.61501	1.10523	4.02947	1.81902	5.59521	1.56574	2.02625	0.41446	1.42758	0
S. alka FJAT-54031	0.0258866	0.0258866	5.12555	0.802485	6.21279	1.81206	2.53689	3.77945	3.54647	6.05747	5.33264	2.69221	4.58193	2.27802	4.14186	2.95107	1.44965	4.24541	1.88972	6.39399	1.50142	2.25214	0.673052	0.0517732	0
S. amaz SB2B	0.0270051	0.0270051	4.69889	0.810154	6.34621	1.72833	2.97056	3.80772	3.10559	6.37321	5.266	2.80853	4.64488	2.45747	4.53686	3.18661	1.24224	4.10478	1.89036	6.96732	1.29625	1.94437	0.351067	0.108021	0
S. avic FJAT-51800	0.0277239	0.0277239	5.23981	0.748544	5.32298	1.8575	3.0219	3.715	2.93873	6.07153	4.85168	2.99418	4.26948	2.80011	3.85362	3.88134	1.1644	4.62989	1.99612	6.0438	1.2753	2.10701	0.415858	1.10895	0
S. balt 11FHM2	0.0233754	0.0233754	4.60496	0.701262	5.72698	1.63628	3.10893	3.57644	2.78167	5.63347	5.28284	2.73492	4.16082	2.57129	3.52969	3.20243	1.30902	4.65171	2.19729	6.21786	1.35577	2.10379	0.420757	1.26227	0
S. balt 128	0.0243072	0.0243072	4.76422	0.729217	5.56636	1.70151	2.79533	3.52455	2.79533	5.85805	5.46913	2.94118	4.32669	2.55226	3.79193	3.45163	1.26398	4.39961	2.16334	6.41711	1.28828	2.3578	0.388916	1.65289	0
S. balt BA175	0.0233754	0.0233754	4.53483	0.701262	5.75035	1.63628	2.7583	3.50631	2.8518	5.63347	5.25947	2.68817	4.1842	3.0388	3.52969	3.06218	1.3324	4.62833	2.03366	6.42824	1.7064	1.89341	0.444133	0.935016	0
S. balt CW2	0.0243427	0.0243427	4.86855	0.730282	5.89094	1.70399	3.04284	3.57838	2.8481	5.81792	5.3554	2.87244	4.23564	2.65336	3.65141	3.40798	1.26582	4.55209	2.11782	6.42648	1.41188	2.40993	0.438169	1.14411	0
S. balt NCTC10737	0.023855	0.023855	4.77099	0.715649	5.74905	1.64599	3.10115	3.50668	2.81489	5.74905	5.27195	2.95802	4.38931	2.60019	3.76908	3.36355	1.31202	4.53244	2.33779	6.17844	1.38359	2.21851	0.477099	1.28817	0
S. balt OS117	0.021901	0.021901	4.3802	0.678931	5.36575	1.53307	2.60622	3.28515	2.67192	5.23434	4.90583	3.30705	3.94218	2.95664	3.35085	2.86903	1.27026	4.2488	1.86159	6.04468	1.46737	1.99299	0.43802	2.62812	0
S. balt OS155	0.0224065	0.0224065	4.39166	0.6946	5.46717	1.56845	2.66637	3.31616	2.68877	5.15348	4.8622	3.45059	3.94354	3.00246	3.31616	2.91284	1.25476	4.25723	1.85974	5.96012	1.41161	2.03899	0.448129	2.68877	0
S. balt OS185	0.0225683	0.0225683	4.55879	0.699616	5.34868	1.57978	2.64049	3.38524	2.68562	5.48409	5.1907	2.75333	4.10742	2.55021	3.47551	3.09185	1.19612	4.40081	2.03114	6.09343	1.33153	2.09885	0.428797	1.28639	0
S. balt OS195	0.021925	0.021925	4.4727	0.679676	5.262	1.60053	2.52138	3.28875	2.60908	5.32778	5.13045	2.78448	4.05613	2.4556	3.44223	3.0695	1.2278	4.2973	1.97325	6.00745	1.33743	1.97325	0.416575	1.68823	0
S. balt OS223	0.0230521	0.0230521	4.54126	0.691563	5.64776	1.61365	2.97372	3.50392	2.7432	5.57861	5.18672	2.92762	4.14938	2.55878	3.48087	3.20424	1.24481	4.47211	2.05164	6.13186	1.31397	1.98248	0.484094	1.98248	0
S. balt OS678	0.0222124	0.0222124	4.53132	0.688583	5.33096	1.6215	2.55442	3.33185	2.66548	5.3976	5.15327	2.84318	4.10928	2.48778	3.48734	3.10973	1.28832	4.33141	1.99911	6.08618	1.35495	1.95469	0.422035	1.68814	0
S. balt SF1039	0.0235793	0.0235793	4.59797	0.70738	5.75336	1.62697	2.971	3.48974	2.78236	5.68262	5.21104	2.75878	4.50365	2.47583	3.5369	3.23037	1.34402	4.4565	2.21646	6.27211	1.24971	2.12214	0.37727	1.46192	0
S. balt TMP1	0.0215889	0.0215889	4.27461	0.647668	5.20294	1.46805	2.59067	3.25993	2.56908	5.13817	4.72798	2.5475	3.88601	2.46114	3.21675	2.9361	1.18739	4.27461	1.94301	5.76425	1.42487	1.94301	0.561313	2.95769	0
S. bent DB21MT-2	0.026462	0	4.92194	0.740937	5.26594	2.03758	2.01111	3.75761	2.83144	5.79518	4.23392	2.80497	4.36623	2.38158	3.65176	2.46097	1.13787	3.88992	1.5348	4.78963	1.40249	1.8788	0.555703	1.08494	0
S. bice JAB-1	0.024564	0.024564	4.81454	0.73692	5.50233	1.64579	2.97224	3.61091	2.97224	5.74797	5.15844	2.75117	4.54434	2.53009	3.88111	3.6846	1.42471	4.54434	2.1862	6.38664	1.30189	2.33358	0.49128	0.884304	0
S. cara TUM17387	0.0255297	0.0255297	5.00383	0.714833	5.76972	1.8892	1.96579	3.67628	3.0891	5.82078	4.64641	2.78274	4.289	2.5785	3.85499	3.65075	1.1999	4.00817	1.94026	5.48889	1.68496	2.04238	0.382946	0.714833	0
S. chil DC57	0.0228363	0.0228363	4.79562	0.707924	5.11532	1.68988	2.03243	3.31126	2.8317	5.161	5.04681	2.92304	4.24755	2.19228	3.58529	3.60813	1.05047	3.60813	1.94108	5.32085	1.68988	2.35214	0.456725	3.56246	0
S. chil ST10	0.0240442	0.0240442	4.83289	0.721327	5.55422	1.80332	2.21207	3.5345	2.95744	5.57826	4.95311	2.86126	4.32796	2.30825	3.79899	3.67877	1.10604	3.72686	1.85141	5.434	1.4667	2.18803	0.504929	1.75523	0
S. cype FJAT-53720	0.0276167	0.0276167	4.39105	0.856117	5.88235	1.76747	2.6512	3.92157	3.12068	6.60039	4.72245	2.87213	4.55675	2.45788	4.36344	2.73405	1.38083	4.4739	2.07125	6.628	1.40845	1.87793	0.607567	0.469484	0
S. cype FJAT-53726	0.0277162	0.0277162	4.49002	0.831486	5.87583	1.77384	2.68847	3.96341	3.13193	6.54102	4.60089	2.9102	4.65632	2.38359	4.40687	2.7439	1.33038	4.49002	2.21729	6.5133	1.38581	1.99557	0.526608	0.332594	0
S. deco Ni1-3	0.0231911	0.0231911	4.80056	0.695733	5.19481	1.69295	2.43506	3.52505	2.69017	5.35714	5.12523	2.92208	4.19759	2.66698	3.52505	3.40909	1.2987	4.45269	1.87848	6.65584	1.2987	2.3423	0.41744	1.20594	0
S. deni OS217	0.0257998	0	3.89577	0.825593	5.18576	1.70279	2.01238	3.48297	2.73478	6.11455	4.23117	2.70898	4.20537	2.52838	3.89577	2.73478	1.49639	4.36017	1.62539	5.46956	1.34159	1.83179	0.335397	1.28999	0
S. dokd DSM	0.0222866	0	4.74705	0.668598	4.34589	1.53778	2.25095	2.89726	2.58525	4.83619	4.52418	2.62982	3.72186	2.31781	2.98641	3.12012	1.06976	4.05616	1.56006	4.85848	1.0029	2.09494	0.267439	0.579452	0
S. dong LT17	0.0245038	0.0245038	4.92526	0.661603	4.77824	1.71527	2.74443	3.62656	3.16099	5.73389	4.94977	2.64641	4.70473	2.42588	3.77358	3.16099	1.56824	4.26366	1.71527	5.31732	1.49473	2.25435	0.637099	0.245038	0
S. eury YLB-08	0.0204248	0	5.47386	0.59232	5.69853	1.94036	2.26716	3.16585	2.49183	5.04493	5.26961	2.30801	4.18709	2.75735	3.47222	3.3701	1.08252	3.83987	1.73611	6.22958	1.40931	2.14461	0.63317	0.816993	0.0204248
S. frig NCIMB	0.0243013	0.0243013	5.56501	0.704739	5.10328	1.62819	2.69745	3.79101	3.28068	5.4435	5.00608	2.86756	4.44714	2.06561	3.32928	3.20778	1.48238	4.59295	1.91981	5.66221	1.50668	2.11422	0.413123	1.28797	0
S. glac TZS-4	0.0260417	0.0260417	4.50521	0.755208	5.23438	1.69271	2.34375	3.80208	3.04688	5.88542	4.66146	3.07292	4.71354	2.83854	3.61979	2.96875	1.38021	4.29688	1.79688	6.66667	1.43229	2.05729	0.390625	0.885417	0
S. gora DAU312	0.0246366	0.0246366	4.80414	0.714462	4.63168	1.77384	2.56221	3.59695	2.90712	5.74033	5.19832	2.73466	4.68096	2.34048	3.67085	3.39985	1.37965	4.33604	1.69993	5.61715	1.2811	2.19266	0.369549	0.221729	0
S. hali HAW-EB4	0.0229148	0	5.5912	0.710357	5.79743	2.31439	2.38313	3.66636	3.48304	5.33914	4.99542	2.52062	4.74335	2.1769	3.5747	3.09349	1.2374	4.28506	1.74152	4.99542	1.37489	2.45188	0.549954	0.160403	0
S. halo FJAT-53555	0.0252398	0.0252398	4.99748	0.757193	6.15851	1.76678	2.5997	3.73549	3.28117	5.95659	5.35083	2.67542	4.66936	2.29682	3.98788	2.92781	1.33771	4.0636	1.74154	6.46138	1.36295	2.12014	0.530035	0.227158	0
S. inve D1489	0.023663	0.023663	4.42499	0.662565	4.63796	1.60909	2.3663	3.50213	3.09986	5.39517	4.77993	3.17085	4.16469	1.84572	3.09986	3.36015	1.34879	4.23568	1.65641	5.04023	1.25414	2.29531	0.354946	2.6266	0
S. japo KCTC	0.0238209	0.0238209	4.52596	0.666984	4.52596	1.73892	2.83468	3.50167	2.81086	5.45498	4.93092	2.69176	4.88328	2.19152	3.57313	3.50167	1.40543	4.19247	1.76274	5.3597	1.42925	2.12006	0.404955	0.571701	0
S. khir JW44	0.0234302	0.0234302	4.28772	0.702905	5.62324	1.52296	2.78819	3.46767	2.85848	5.48266	5.15464	2.55389	4.7329	2.31959	3.79569	3.11621	1.21837	3.98313	1.89784	6.37301	1.64011	2.10872	0.421743	0.656045	0
S. khir TH2012	0.0241488	0.0241488	4.37092	0.724463	5.7957	1.59382	2.70466	3.57402	3.01859	5.72326	5.24028	2.55977	4.8056	2.34243	3.88795	3.21178	1.25574	4.12944	2.0285	6.64091	1.64212	2.00435	0.410529	0.507124	0
S. lito SMK1-12	0.0271223	0.0271223	4.80065	0.81367	6.23813	1.73583	2.68511	3.87849	3.0377	6.48223	5.099	2.90209	4.61079	2.46813	4.42094	3.11907	1.24763	4.09547	2.00705	6.45511	1.27475	2.11554	0.379713	0.406835	0
S. livi LMG	0.0239693	0.0239693	4.93768	0.671141	4.74593	1.62991	2.68456	4.19463	3.2838	5.3931	4.8418	2.92426	4.43432	1.89358	3.25983	2.87632	1.43816	4.65005	1.74976	5.05753	1.2464	2.06136	0.407478	1.1745	0
S. loih PV-4	0.0252334	0.0252334	4.97098	0.832702	6.03078	1.74111	2.52334	3.68408	3.58314	6.00555	5.32425	2.75044	4.41585	2.24577	4.06258	2.92708	1.53924	4.31491	1.79157	6.23265	1.31214	2.14484	0.529902	0.277567	0
S. mang FJAT-51754	0.0249813	0.0249813	4.84637	0.724457	5.82063	1.69873	3.02273	3.74719	2.89783	5.8706	5.29603	2.77292	4.49663	2.64801	3.89708	3.54734	1.34899	4.62153	2.09843	6.44517	1.34899	2.24831	0.449663	0.249813	0
S. mari ECSMB14101	0.0263574	0.0263574	4.84976	0.764365	6.08856	1.84502	2.50395	3.82182	3.29468	6.03585	4.87612	3.00474	4.13811	2.24038	3.84818	2.74117	1.31787	4.03268	1.76595	5.98313	1.37059	2.26674	0.527148	0.896152	0
S. mari EP1	0.0268745	0.0268745	5.05241	0.806235	6.23488	2.01559	2.6337	3.92368	3.43994	6.18113	4.94491	2.90245	4.43429	2.31121	4.13867	2.95619	1.39747	4.16555	1.71997	6.18113	1.34372	1.98871	0.429992	0.671862	0
S. mari D4-2	0.0248756	0.0248756	4.67662	0.721393	4.75124	1.56716	2.53731	3.48259	2.71144	5.59701	5.02488	2.68657	4.50249	2.11443	3.40796	3.30846	1.24378	3.78109	1.59204	5.59701	1.26866	2.08955	0.472637	0.0746269	0
S. meso FJAT-53870	0.0269397	0	5.06466	0.75431	6.33082	1.93966	2.64009	3.90625	2.9903	6.3847	4.98384	2.90948	4.14871	2.45151	4.04095	2.9903	1.2931	3.93319	1.88578	6.22306	1.45474	1.88578	0.619612	0.484914	0
S. onco B	0.0234797	0.0234797	4.67246	0.680911	5.51773	1.71402	2.51233	3.47499	2.74712	5.63513	5.30641	2.72364	4.03851	2.91148	3.68631	3.40456	1.22094	4.22634	2.04273	6.43344	1.43226	2.16013	0.446114	0.633952	0
S. onco Z-P2	0.0232612	0.0232612	4.62898	0.697837	5.46639	1.72133	2.41917	3.39614	2.74482	5.58269	5.18725	2.74482	4.16376	2.53547	3.58223	3.32635	1.25611	4.11724	2.02373	6.23401	1.23284	2.09351	0.558269	1.23284	0
S. onei MR-1	0.0228571	0.0228571	4.61714	0.662857	4.93714	1.71429	2.01143	3.36	2.56	5.23429	4.68571	2.60571	3.86286	2.4	3.47429	3.17714	1.16571	4.06857	1.96571	6.01143	1.23429	2.03429	0.388571	4.16	0
S. sp. Pdp11	0.0237869	0.0237869	4.7098	0.737393	5.63749	1.68887	2.64034	3.54424	2.7117	5.63749	5.32826	3.02093	4.21028	2.66413	3.56803	3.49667	1.11798	4.32921	2.02188	6.42245	1.23692	2.33111	0.404377	0.999049	0
S. peal ATCC	0.0231857	0.0231857	5.14723	0.695572	5.72687	1.9476	2.29539	3.61697	3.36193	5.61094	5.21679	2.55043	4.59077	2.17946	3.5706	3.10689	1.2984	4.24299	1.85486	5.00812	1.36796	2.24901	0.533272	0.881057	0
S. piez WP3	0.0219925	0.0219925	4.92633	0.637783	5.10227	1.51748	2.30921	3.5408	2.6611	5.23422	5.25621	2.37519	4.35452	2.28722	3.5188	3.21091	1.29756	4.06862	1.7594	4.68441	1.38553	2.37519	0.571806	1.07763	0
S. pola SM1901	0.0250313	0.0250313	5.10638	0.700876	5.03129	1.75219	2.52816	3.82979	3.2791	5.7572	4.68085	2.75344	4.60576	2.62829	3.37922	3.32916	1.50188	4.28035	1.90238	5.55695	1.47685	2.0025	0.450563	0.400501	0
S. psyc WP2	0.0181653	0.0181653	4.21435	0.599455	5.23161	1.41689	2.27066	2.90645	2.6158	4.46866	5.10445	2.05268	3.96004	2.16167	3.19709	2.92461	1.3079	4.01453	1.45322	5.43143	1.70754	1.85286	0.544959	2.12534	0.0181653
S. psyc YLB-06	0.0172325	0	4.37705	0.551439	5.15251	1.55092	2.13683	2.73996	2.48148	4.35981	5.04911	1.99897	3.82561	2.08513	3.01568	2.75719	1.34413	3.73945	1.41306	5.22144	1.60262	1.9645	0.482509	0.672066	0
S. psyc FJAT-53749	0.0267594	0	4.78994	0.776024	5.69976	1.87316	2.59566	3.93364	3.47873	6.20819	4.57586	3.05058	4.01391	2.56891	3.93364	2.89002	1.36473	4.04067	1.87316	5.61948	1.52529	2.19427	0.668986	1.17742	0
S. putr 4H	0.0253936	0	4.95175	0.736414	5.58659	1.82834	2.41239	3.5551	2.7679	5.81513	4.87557	3.12341	4.21534	2.51397	3.5805	3.22499	1.14271	4.06298	2.03149	5.63738	1.29507	2.51397	0.406298	1.44744	0
S. putr ATCC	0.0263089	0	4.91976	0.789266	5.76164	1.92055	2.52565	3.65693	2.9729	6.07735	4.89345	3.02552	4.39358	3.15706	3.8674	3.49908	1.34175	4.20942	2.02578	5.97211	1.44699	2.20994	0.552486	0.315706	0
S. putr CGMCC-1.6515	0.0258732	0.0258732	4.91591	0.776197	5.71798	1.75938	2.82018	3.69987	2.94955	6.05433	5.17464	2.76843	4.45019	2.71669	4.0621	3.44114	1.37128	4.45019	2.14748	6.83053	1.31953	2.19922	0.491591	0.569211	0
S. putr FDAARGOS	0.0248509	0	4.99503	0.745527	5.44235	1.78926	2.46024	3.47913	2.80815	5.79026	5.04473	2.8827	4.44831	3.00696	3.75249	4.00099	1.24254	4.00099	2.03777	5.86481	1.44135	2.65905	0.54672	0.84493	0
S. putr WS13	0.0239349	0	4.57157	0.694112	5.43322	1.69938	2.24988	3.42269	2.77645	5.36142	4.45189	2.72858	3.87745	2.87219	3.39876	3.42269	1.26855	3.82958	1.74725	5.76831	1.19674	2.10627	0.454763	0.311154	0
S. putr XY07	0.0262812	0	4.91459	0.788436	5.75558	1.91853	2.523	3.65309	2.9435	6.09724	4.8883	3.02234	4.38896	3.15375	3.86334	3.4954	1.28778	4.17871	1.99737	5.96583	1.44547	2.18134	0.551905	0.315375	0
S. putr YZ-J	0.0262881	0	4.91588	0.788644	5.7571	1.91903	2.52366	3.65405	2.94427	6.09884	4.88959	3.02313	4.39012	3.15457	3.86435	3.49632	1.28812	4.17981	1.9979	5.9674	1.44585	2.18191	0.55205	0.315457	0
S. rhiz FJAT-53764	0.0255624	0.0255624	5.06135	0.792434	6.10941	1.81493	2.63292	3.68098	3.57873	5.9816	5.34254	2.63292	4.42229	2.32618	4.11554	2.96524	1.50818	4.21779	1.84049	6.54397	1.32924	2.22393	0.562372	0.0511247	0
S. sp. SdM1	0.0230256	0.0230256	4.60511	0.713792	5.50311	1.68087	2.37163	3.43081	2.76307	5.50311	5.20378	2.64794	4.1446	2.9703	3.56896	3.49988	1.42758	4.19065	2.02625	6.26295	1.35851	2.00322	0.460511	0.437486	0
S. sp. SdM2	0.0262743	0	4.91329	0.788229	5.8329	1.91802	2.52233	3.6784	2.94272	6.06936	4.91329	2.99527	4.41408	3.15292	3.8886	3.49448	1.28744	4.20389	2.02312	5.99054	1.44509	2.20704	0.55176	0.341566	0
S. sedi FJAT-52962	0.0271739	0.0271739	4.42935	0.815217	5.78804	1.7663	2.55435	3.83152	3.09783	6.54891	4.72826	2.85326	4.42935	2.28261	4.4837	2.69022	1.33152	4.56522	2.14674	6.3587	1.33152	1.92935	0.516304	0.570652	0
S. sedi HAW-EB3	0.0217628	0	5.41893	0.652884	5.81066	1.78455	2.2198	3.78672	3.02503	5.20131	5.87595	2.37214	4.46137	2.72035	3.5691	3.13384	1.284	4.20022	1.74102	6.81175	1.39282	2.26333	0.587595	0.348205	0
S. seoh KCTC	0.0220848	0.0220848	4.37279	0.728799	4.92491	1.56802	2.53975	3.29064	2.58392	5.05742	4.63781	2.38516	3.95318	2.23057	3.33481	3.2023	1.14841	4.01943	1.7447	6.22792	1.25883	2.07597	0.375442	0.530035	0
S. sp. SH12	0.0254388	0.0254388	5.08776	0.737726	5.64742	1.75528	2.72195	3.73951	2.9509	5.87637	5.36759	2.82371	4.42635	2.82371	3.84126	3.38336	1.3737	4.37548	2.08598	6.89392	1.3737	2.1623	0.457899	0.178072	0
S. sp. SH16	0.0230256	0.0230256	4.60511	0.667741	5.48008	1.70389	2.53281	3.40778	2.71702	5.48008	5.1347	2.74004	4.21368	2.92425	3.47686	3.29265	1.26641	4.21368	1.95717	6.1248	1.45061	2.14138	0.460511	0.713792	0
S. sp. SH4	0.0254001	0.0254001	5.08001	0.736601	5.63881	1.7526	2.71781	3.73381	2.94641	5.84201	5.35941	2.81941	4.41961	2.81941	3.83541	3.37821	1.3716	4.36881	2.0828	6.93421	1.3716	2.159	0.457201	0.1778	0
S. sp. SH6	0.0230574	0.0230574	4.61148	0.668665	5.48766	1.70625	2.53632	3.4125	2.72077	5.46461	5.1418	2.74383	4.21951	2.92829	3.48167	3.29721	1.26816	4.21951	1.95988	6.13327	1.45262	2.14434	0.461148	0.737837	0
S. sp. SH9	0.0230947	0.0230947	4.61894	0.669746	5.49654	1.70901	2.54042	3.41801	2.72517	5.47344	5.12702	2.74827	4.22633	2.93303	3.4873	3.30254	1.27021	4.22633	1.96305	6.14319	1.45497	2.14781	0.461894	0.73903	0
S. sp. ANA-3	0.0237361	0.0237361	4.65227	0.688346	5.43556	1.63779	2.91953	3.46546	2.75338	5.62545	5.43556	2.84833	4.36743	2.49229	3.72656	3.4892	1.32922	4.46238	2.20745	6.19511	1.47164	2.37361	0.474721	0.807026	0
S. sp. Arc9-LZ	0.0240558	0.0240558	5.22011	0.697618	5.24417	1.6358	2.86264	3.75271	3.22348	5.46067	5.07578	2.81453	4.30599	2.0688	3.43998	2.95886	1.51552	4.5706	1.8523	5.96584	1.53957	1.87635	0.408949	0.769786	0
S. sp.r FJAT-53681	0.0253421	0.0253421	4.94171	0.760264	6.08211	1.77395	2.55955	3.64927	3.59858	5.98074	5.22048	2.76229	4.38419	2.30613	4.0294	2.93969	1.57121	4.25748	1.77395	6.38621	1.31779	2.17942	0.532184	0.0253421	0
S. sp. DAU305	0.0241546	0.0241546	4.85507	0.724638	5.82126	1.66667	3.18841	3.59903	2.82609	5.86957	5.2657	2.82609	4.22705	2.68116	3.74396	3.4058	1.3285	4.4686	2.24638	6.40097	1.40097	2.22222	0.434783	1.37681	0
S. sp. FDAARGOS	0.022899	0.022899	4.5798	0.68697	5.15228	1.60293	2.49599	3.38905	2.58759	5.17518	5.12938	2.77078	4.14472	2.49599	3.57225	3.36616	1.19075	4.05313	1.90062	6.34303	1.23655	2.15251	0.45798	3.09137	0
S. sp. FJAT-51649	0.0241546	0.0241546	4.87923	0.700483	5.65217	1.66667	2.8744	3.62319	2.89855	5.67633	5.36232	2.657	4.54106	2.46377	3.86473	3.45411	1.3285	4.63768	1.98068	6.40097	1.28019	2.19807	0.410628	0.2657	0
S. sp. FJAT-52076	0.0264971	0.0264971	4.74298	0.794913	6.22682	1.72231	2.83519	3.76259	3.17965	6.22682	5.27292	2.7292	4.61049	2.51722	4.21304	3.23264	1.35135	4.13355	1.93429	6.65077	1.43084	2.06677	0.476948	0.0794913	0
S. sp. H8	0.0260078	0.0260078	5.20156	0.702211	5.07152	1.79454	2.60078	3.97919	3.40702	5.95579	4.88947	2.9909	4.6554	2.15865	3.51105	3.25098	1.56047	4.44733	1.89857	5.51365	1.40442	2.18466	0.416125	0.520156	0
S. sp. JNE10-2	0.0246245	0	4.70328	0.71411	5.44201	1.77296	2.4132	3.49668	2.70869	5.7375	4.99877	3.20118	4.35853	2.46245	3.64442	3.10268	1.13273	3.86604	1.82221	5.66363	1.3051	2.73332	0.443241	1.84684	0
S. sp. JNE2	0.0252589	0	4.87497	0.732508	5.50644	1.81864	2.34908	3.56151	2.829	5.83481	4.95075	3.18262	4.62238	3.05633	3.6878	3.15736	1.13665	3.81409	1.81864	5.88532	1.36398	2.67744	0.45466	1.43976	0
S. sp. JNE7	0.0246427	0	4.70675	0.714638	5.44603	1.77427	2.41498	3.5239	2.71069	5.74174	5.05175	3.22819	4.36175	2.46427	3.64712	3.12962	1.13356	3.8689	1.82356	5.66782	1.30606	2.71069	0.443568	1.89749	0
S. sp. KX20019	0.0222916	0	4.74811	0.646456	5.21623	1.60499	2.05082	3.38832	2.56353	5.2831	5.48373	2.51895	4.30227	2.13999	3.81186	3.23228	1.11458	3.67811	1.64958	5.12706	1.35979	2.49666	0.579581	0.980829	0
S. sp. LC6	0.0227376	0.0227376	4.4111	0.727603	4.97954	1.59163	2.36471	3.36517	2.68304	5.18417	4.97954	2.8422	4.16098	2.31924	3.61528	3.29695	1.27331	4.04729	1.9327	6.09368	1.22783	2.1146	0.454752	2.56935	0
S. sp. LZH-2	0.0252908	0.0252908	5.10875	0.733434	5.69044	1.82094	2.73141	3.74305	2.85787	5.7916	5.28579	2.78199	4.45119	2.73141	3.89479	3.28781	1.28983	4.37532	2.07385	6.85382	1.31512	2.25089	0.404654	0.455235	0
S. sp. MEBiC00475	0.0243132	0.0243132	4.93557	0.656455	4.86263	1.70192	2.60151	3.79285	3.23365	5.59203	4.57087	2.82033	4.49793	1.96937	3.35522	3.11208	1.4831	4.18186	1.77486	5.32458	1.38585	1.96937	0.46195	1.58035	0
S. sp. MR-4	0.0251509	0.0251509	4.95473	0.779678	5.6338	1.68511	2.91751	3.64688	2.89235	5.80986	5.20624	2.8169	4.42656	2.7666	3.89839	3.62173	1.2827	4.70322	2.11268	6.48893	1.40845	2.16298	0.578471	0.603622	0
S. sp. MTB7	0.0182749	0	4.89766	0.584795	5.39108	1.84576	2.26608	3.03363	2.5402	4.33114	5.08041	2.22953	3.98392	2.01023	3.17982	3.2712	1.18787	4.42251	1.53509	5.09868	1.24269	2.06506	0.548246	1.15132	0
S. sp. NFH-SH190041	0.0272702	0.0272702	5.3177	0.736297	5.56313	2.26343	2.39978	3.95419	3.5724	6.10854	3.81783	2.97246	4.41778	3.13608	3.70875	3.38151	1.11808	3.79056	1.36351	5.07227	1.77257	1.85438	0.518135	1.79984	0
S. sp. OMA3-2	0.0272554	0.0272554	4.2791	0.817661	5.42382	1.79886	2.34396	3.7885	3.24339	6.21423	4.49714	3.07986	4.5789	2.12592	3.57046	2.8073	1.39002	4.25184	1.7716	5.28754	1.41728	1.88062	0.327065	1.22649	0
S. sp. Scap07	0.0226091	0.0226091	4.49921	0.633054	4.88356	1.56003	2.71309	3.52702	2.89396	5.38096	5.44879	2.41917	4.61225	2.44178	3.4818	3.45919	1.46959	3.9792	1.7409	5.62966	1.53742	2.37395	0.520009	0.113045	0
S. sp. SNU	0.0284819	0	4.78496	0.854457	6.12361	2.10766	2.73426	3.78809	2.76275	6.43691	4.18684	3.27542	4.67103	2.33552	3.9305	3.24694	0.911421	3.9305	1.82284	4.84193	1.45258	1.7374	0.569638	3.70265	0
S. sp. W3-18-1	0.0241838	0	4.81258	0.70133	5.24788	1.76542	2.3942	3.36155	2.6844	5.53809	4.86094	2.97461	4.1838	2.85369	3.60339	3.55502	1.20919	3.79686	1.91052	5.68319	1.42684	2.29746	0.459492	1.42684	0
S. sp. WE21	0.0219394	0.0219394	4.47565	0.636244	5.26547	1.60158	2.36946	3.31286	2.65467	5.28741	4.93638	2.74243	3.92716	2.47916	3.29092	3.26898	1.29443	4.10268	1.90873	5.94559	1.16279	1.99649	0.504607	1.14085	0
S. sp. WPAGA9	0.0227531	0.0227531	4.23208	0.659841	4.23208	1.63823	2.63936	3.43572	2.86689	5.14221	4.66439	2.5256	4.3686	2.11604	3.57224	3.27645	1.36519	3.9818	1.52446	5.00569	1.47895	2.20705	0.409556	0.477816	0
S. sp. YLB-09	0.0192123	0	5.4755	0.691643	5.53314	1.86359	2.15178	3.26609	2.43996	4.89914	5.34102	2.32469	4.3804	3.01633	3.38136	3.36215	1.07589	3.78482	1.72911	6.28242	1.4025	2.15178	0.595581	0.806916	0.0192123
S. viol DSS12	0.0248571	0.0248571	4.54884	0.695998	5.34427	1.69028	2.68456	3.57942	3.00771	5.7917	4.97141	2.53542	4.97141	2.36142	3.80313	3.13199	1.41685	3.95227	1.88914	4.72284	1.64057	2.08799	0.671141	0.198857	0
S. wood ATCC	0.0201979	0.0201979	4.82731	0.646334	5.49384	1.49465	2.54494	3.37306	2.70652	4.98889	5.33226	2.20158	4.20117	1.9592	3.51444	3.39325	1.35326	4.36275	1.83801	5.8776	1.33306	2.03999	0.504948	0.605938	0
S. xiam 8M34	0.0250501	0.0250501	5.13527	0.726453	5.61122	1.82866	2.68036	3.68236	2.83066	5.76152	5.31062	2.98096	4.35872	2.68036	3.80762	3.28156	1.35271	4.58417	2.05411	6.81363	1.30261	2.30461	0.400802	0.626253	0
S. xiam 8M38	0.0237756	0.0237756	4.92154	0.689491	5.23062	1.64051	2.52021	3.49501	2.73419	5.4446	5.27817	2.71041	4.16072	2.59154	3.68521	3.13837	1.30766	4.20827	2.06847	6.68093	1.23633	2.25868	0.451736	0.903471	0
S. xiam CQ-Y1	0.0245881	0.0245881	4.86845	0.713056	5.45857	1.79493	2.63093	3.61446	2.77846	5.63069	5.08975	2.72928	4.25375	2.65552	3.66363	3.24564	1.27858	4.30293	2.11458	6.66339	1.27858	2.23752	0.39341	0.39341	0
S. xiam FH-1	0.0250689	0.0250689	5.06393	0.752068	5.5653	1.8551	2.68238	3.635	2.75758	5.76586	5.01379	2.80772	4.18651	2.63224	3.83555	3.40938	1.25345	4.26172	2.03058	6.46779	1.35372	2.23114	0.426172	0.676861	0
S. xiam HD6416	0.0241138	0.0241138	4.82276	0.723415	5.44972	1.76031	2.58018	3.54473	2.72486	5.61852	5.03979	2.99011	4.24403	2.65252	3.71353	3.15891	1.25392	4.29226	2.00145	6.65541	1.30215	2.21847	0.409935	0.81987	0
S. xiam HD6452	0.0237473	0.0237473	4.65448	0.688673	5.27191	1.70981	2.58846	3.49086	2.6597	5.48563	4.98694	2.77844	4.13204	2.58846	3.60959	3.18214	1.21111	4.15578	1.97103	6.34054	1.28236	2.11351	0.379957	2.58846	0
S. xiam NUITM-VS1	0.022477	0.022477	4.47292	0.674309	5.07979	1.61834	2.60733	3.55136	2.49494	5.1697	4.96741	2.76467	3.93347	2.38256	3.50641	3.23668	1.12385	4.09081	1.97797	6.0463	1.23623	2.27017	0.359631	3.57384	0
S. xiam NUITM-VS2	0.0243902	0.0243902	4.80488	0.731707	5.4878	1.68293	2.63415	3.60976	2.7561	5.60976	5.17073	2.85366	4.41463	2.70732	3.78049	3.39024	1.2439	4.36585	2.12195	6.70732	1.34146	2.2439	0.487805	1.17073	0
S. youn DAU334	0.0279486	0	4.8351	0.78256	4.97485	1.92845	2.45947	4.49972	2.9905	6.23253	5.14254	2.9346	4.41587	2.15204	4.05254	3.04639	1.42538	4.38793	1.73281	4.97485	1.53717	2.29178	0.558971	0.0279486	0
S. yunx FJAT-54481	0.0295334	0.0295334	5.61134	0.856468	5.61134	2.00827	2.7466	4.01654	2.95334	6.55641	4.45954	3.07147	4.63674	2.215	4.07561	3.57354	1.1518	4.63674	2.27407	5.05021	1.44714	2.1264	0.531601	1.44714	0
S. zhan FJAT-52072	0.025413	0.025413	4.72681	0.787802	5.99746	1.65184	2.79543	3.63405	2.89708	5.97205	5.43837	2.92249	4.57433	2.51588	4.26938	3.12579	1.27065	4.29479	1.93139	6.73443	1.24524	1.9568	0.355781	0.355781	0
S. sp. uncultured	0.0229674	0.0229674	4.54754	0.711989	5.37437	1.65365	2.59531	3.42214	2.84796	5.60404	5.12173	2.80202	4.08819	2.64125	3.67478	3.26137	1.33211	4.43271	2.0441	6.29306	1.30914	2.09003	0.620119	1.0565	0
